Epoch	AverageEpRet	StdEpRet	MaxEpRet	MinEpRet	AverageTestEpRet	StdTestEpRet	MaxTestEpRet	MinTestEpRet	EpLen	TestEpLen	TotalEnvInteracts	AverageQ1Vals	StdQ1Vals	MaxQ1Vals	MinQ1Vals	AverageQ2Vals	StdQ2Vals	MaxQ2Vals	MinQ2Vals	AverageVVals	StdVVals	MaxVVals	MinVVals	AverageLogPi	StdLogPi	MaxLogPi	MinLogPi	LossPi	LossQ1	LossQ2	LossV	Time
1	17.799381	17.600588	163.48427	4.84475	185.15955	2.1640954	188.8165	180.95395	21.99119	84.1	5000	18.736399	16.396433	105.73804	-22.895563	18.7368	16.393986	104.636765	-31.085907	21.17729	17.34909	113.07029	-21.84659	0.97339374	2.5794015	28.70941	-13.900275	-21.556698	0.67071277	0.70854604	1.3409867	58.53475213050842
2	17.390846	16.887156	200.20343	4.9527926	13.54265	1.3979437	14.827133	11.784474	22.226667	11.6	10000	105.48915	47.503223	269.82196	-108.94836	105.490585	47.510303	269.229	-58.025272	116.175766	43.902107	276.7543	-77.15859	4.6448994	2.9955447	29.963326	-13.711008	-118.01994	13.179255	12.57	22.429773	117.44913816452026
3	175.49292	80.08972	357.16333	17.993141	224.34799	48.835274	338.98773	166.31448	89.72727	120.0	15000	210.89603	52.92606	308.4291	-97.84769	210.8935	52.90994	315.76163	-79.74171	222.38522	33.172447	304.33154	-91.626526	4.547704	3.3815396	35.970512	-11.767349	-225.27245	47.23931	48.126038	45.34888	183.06916522979736
4	238.78879	74.87685	449.35712	49.95701	130.96767	97.21057	279.67438	63.963696	118.71429	65.7	20000	206.61392	56.104206	281.45627	-70.69936	206.61812	56.09392	284.06854	-88.561035	213.4175	44.7551	285.2944	-105.818344	3.2697103	3.204275	29.0486	-12.198462	-216.08383	34.54522	34.024235	33.487083	247.38860893249512
5	213.42963	66.22605	327.97076	51.88417	182.81845	1.4742615	186.2339	180.65887	97.65385	89.0	25000	182.31783	61.811577	262.39612	-64.089905	182.32118	61.844627	256.00027	-61.4263	187.0736	56.263683	256.65472	-67.065445	2.7299035	2.9627957	41.08935	-12.448139	-189.3203	25.086685	21.893341	24.561457	314.1164562702179
6	274.47232	72.70006	399.45853	38.824356	283.2542	1.0357873	285.53235	282.2846	118.71429	121.2	30000	155.86684	55.498077	228.38588	-79.448906	155.86778	55.50244	229.60005	-77.215645	159.33856	51.431065	226.51431	-96.179825	2.2329862	3.016873	39.072506	-13.208356	-161.22192	15.585175	14.964169	18.07327	382.51697874069214
7	281.06357	61.561523	316.1177	54.07096	293.123	1.2396351	294.80045	291.6055	115.325584	115.5	35000	139.0041	45.758106	196.82062	-89.50531	139.00308	45.767185	196.14388	-100.20616	141.7952	42.36824	193.97435	-68.909836	1.7070907	2.8334153	31.507355	-11.181737	-143.2903	10.269598	10.140903	12.059269	449.75841879844666
8	291.22366	13.373882	320.73126	258.89133	335.34177	1.712263	337.49353	332.71228	114.11364	122.5	40000	130.54868	43.113235	205.44154	-49.873672	130.54907	43.12013	191.38919	-67.748344	132.78455	40.43938	182.791	-50.990192	1.2447069	2.523535	31.566998	-12.232869	-134.03867	7.9232445	7.525012	9.232287	518.2030024528503
9	317.72183	49.290466	373.5269	183.50586	323.4427	1.8688374	325.71173	319.17883	119.54762	122.5	45000	126.051346	42.550568	187.08751	-59.460953	126.0516	42.551975	196.79701	-63.80449	127.898705	40.39248	182.06905	-47.23807	1.0539085	2.5173075	33.7586	-12.17125	-129.12715	6.860486	6.799203	8.207893	584.5994648933411
10	304.09964	19.872501	352.2705	263.51562	350.88397	4.859454	356.4526	338.68478	120.63415	122.7	50000	124.1841	41.478516	191.60794	-64.17743	124.18478	41.481606	210.53404	-42.324703	125.917755	39.490116	176.30394	-33.499004	0.95958346	2.5426855	29.79085	-11.955976	-127.04094	6.6063466	6.345925	7.7186522	650.2758889198303
11	336.1469	23.82133	389.67377	289.02856	315.5463	5.8280616	323.64227	305.7673	126.0	135.8	55000	123.35162	40.710728	174.78525	-83.230865	123.35254	40.719643	174.81674	-54.483337	124.89214	38.852272	173.79462	-25.858618	0.7338268	2.4714894	33.9423	-11.33756	-125.97535	6.0329714	5.379114	6.128694	715.9278419017792
12	342.42044	70.788055	493.1857	35.012985	329.83563	32.648785	381.42432	278.0029	135.78378	142.4	60000	124.00239	40.80174	176.90948	-53.13589	124.001686	40.803665	186.2841	-66.56053	125.41214	39.100796	174.95868	-36.53501	0.7769107	2.442549	29.783642	-11.953389	-126.48589	5.440919	5.385064	6.1148376	784.0480411052704
13	373.04883	81.74486	556.31104	77.26847	51.29709	0.31042624	51.983116	50.90383	133.7027	31.0	65000	125.78032	41.57443	191.22617	-73.86758	125.779564	41.576145	182.37585	-51.649834	127.0959	39.995964	177.11969	-38.687866	0.8184137	2.3971622	32.590343	-11.779563	-128.18958	5.5607376	5.600491	6.480754	848.4883058071136
14	398.35718	73.52575	562.93134	255.81433	467.19434	7.882753	478.57013	455.18326	136.32433	144.6	70000	129.22925	42.167877	185.05165	-53.221313	129.22885	42.169598	186.39711	-60.6453	130.55736	40.560616	184.57408	-53.58406	0.90917534	2.3973036	32.03309	-12.559455	-131.59346	5.5737276	5.539831	5.8740883	917.3544316291809
15	434.3557	65.47208	553.5629	301.52548	524.43195	2.9795902	530.00507	519.0851	142.28572	160.5	75000	133.20673	43.98803	227.01596	-66.58324	133.20657	43.99268	196.23384	-61.988216	134.48544	42.49079	190.81459	-20.06646	0.9193126	2.4480443	30.487709	-13.803682	-135.51573	5.84917	5.5905075	6.4989095	984.7194809913635
16	485.8201	86.1635	631.77704	287.5981	531.632	1.9942268	536.17175	528.66144	154.15625	159.8	80000	138.7061	46.05508	250.82503	-58.45072	138.70488	46.05668	256.69168	-44.176132	140.04533	44.5456	251.73882	-40.43648	0.9004929	2.5018933	32.60951	-11.251486	-141.04594	5.1302524	5.2011914	6.360071	1050.2604484558105
17	542.0541	92.883194	687.2902	257.88477	540.2929	27.47949	562.31775	491.41513	170.06667	171.4	85000	143.61914	48.904587	258.51505	-55.150276	143.61891	48.910942	253.6804	-68.06567	144.85373	47.52924	258.29922	-67.58504	0.97809833	2.51803	28.602669	-13.87039	-145.92252	6.145927	5.682552	7.178442	1118.0867056846619
18	529.51294	146.52634	797.1259	289.34402	649.4305	13.816854	661.74274	622.69806	188.8077	197.0	90000	148.43723	51.358707	258.92065	-63.831886	148.4352	51.36579	246.35117	-45.384064	149.6482	49.983723	252.20323	-41.484768	1.0689694	2.5648377	31.798067	-11.23899	-150.74937	8.1271105	7.9511976	8.107783	1183.536211013794
19	624.52856	214.78474	1054.3507	21.60614	697.2996	3.502022	702.437	688.89374	226.54546	207.4	95000	151.53343	53.124367	248.86589	-53.689262	151.53328	53.12716	246.88985	-98.76834	152.67744	51.847664	244.95357	-44.746254	1.1016641	2.6307716	35.42254	-12.096086	-153.85118	7.9824204	7.7237544	7.7427363	1251.0138981342316
20	593.5262	216.28319	1009.8557	221.589	653.4044	20.414679	679.2626	619.2022	216.52174	224.2	100000	153.34207	53.696407	248.80276	-67.35812	153.34143	53.68792	246.6959	-48.072067	154.40387	52.45612	244.92325	-40.161457	1.034829	2.6231413	37.975918	-10.934958	-155.61197	7.998762	8.517041	7.61963	1319.2267262935638
21	648.85266	152.40724	1148.6171	307.37985	489.8025	5.482107	499.90384	482.92877	217.65218	172.9	105000	153.81819	53.885788	251.67613	-97.14888	153.8159	53.877563	250.81577	-38.11554	154.80798	52.746967	253.69633	-45.105057	1.0815792	2.5669742	31.904518	-13.072174	-156.01552	8.156238	8.949678	7.716314	1385.9427077770233
22	626.9537	91.72899	853.8544	446.6359	513.3198	5.311188	523.1804	507.23557	206.5	181.6	110000	154.33752	53.9577	254.45488	-80.82508	154.3365	53.96958	253.29797	-77.41088	155.29813	52.853123	260.3375	-41.272102	1.123249	2.5888336	31.971594	-12.714986	-156.54341	8.808987	8.36121	7.825183	1452.2597420215607
23	583.36664	60.805336	700.5991	471.0797	554.2827	3.2583928	561.224	549.5431	191.03703	184.9	115000	155.03278	53.92217	263.37573	-84.48509	155.03232	53.928844	260.02737	-48.73847	155.91718	52.880104	255.98445	-29.028864	1.0691644	2.605842	33.306084	-11.67055	-157.14807	7.7814393	7.3560987	7.390109	1522.835100889206
24	625.2265	82.91784	815.2465	455.2365	695.98065	5.7360663	704.4876	685.50116	206.25	215.6	120000	155.52443	53.90651	259.49078	-76.44092	155.52364	53.908554	259.59048	-60.391663	156.34186	52.91191	264.31247	-31.054647	1.0096973	2.5989861	33.323982	-13.2571335	-157.60419	8.509524	8.357922	7.3682985	1592.6272110939026
25	717.1275	182.69896	1195.3281	286.80777	500.0005	4.815645	508.45996	493.6217	236.38095	168.9	125000	156.04625	54.36024	257.80206	-56.02435	156.04562	54.368004	257.82193	-54.36871	156.8939	53.325256	258.85083	-26.378845	1.0586268	2.609433	30.57566	-13.257612	-158.18285	8.500322	8.043106	7.911225	1662.248304605484
26	779.42035	192.35994	1202.7798	356.60355	973.1553	11.052441	984.65485	955.505	260.10526	294.9	130000	158.0429	54.260147	257.9174	-90.52881	158.04298	54.276077	253.05396	-52.266964	158.83118	53.238575	258.06	-29.461653	1.138593	2.6332967	31.549095	-12.274625	-160.10086	8.444851	7.3558435	7.631483	1735.027748823166
27	1071.707	490.95367	2298.493	658.4699	979.81506	14.569632	1015.5754	963.5886	333.26666	299.5	135000	160.28032	54.607327	254.42728	-74.96613	160.2797	54.606995	250.32233	-45.3898	161.03325	53.583332	254.2289	-56.286835	0.95151234	2.5520968	30.473595	-14.257927	-162.24832	7.206126	7.447691	7.342239	1804.4666244983673
28	754.5531	182.52184	1358.8729	597.5341	1027.2444	27.078804	1070.9952	998.94775	233.95454	314.1	140000	162.35063	55.07693	250.82709	-66.46473	162.34923	55.081703	248.8474	-44.393993	163.08621	54.085594	250.76451	-69.83963	0.9239382	2.5445	33.56078	-12.865929	-164.319	7.1615634	7.0507746	7.347761	1876.6698417663574
29	1300.0145	379.84937	2255.483	844.93884	2111.8496	500.60693	3106.5825	1441.1057	404.16666	653.0	145000	164.26006	55.910828	253.76295	-68.70252	164.25923	55.91349	255.39117	-72.103004	164.97937	54.90219	252.78896	-57.91718	0.99283254	2.546868	30.95674	-11.355784	-166.25418	6.8665657	7.006756	7.0351796	1949.7930748462677
30	1105.8435	643.8958	3161.7056	648.0304	1266.3054	44.951412	1338.4288	1210.0225	339.53333	379.4	150000	167.56253	56.634727	252.42204	-59.48117	167.56126	56.642544	259.67865	-76.91847	168.27722	55.648052	255.69066	-28.342323	1.0092088	2.5354712	32.41605	-11.714813	-169.52734	6.7946377	6.343816	6.771425	2019.4996654987335
31	1223.2815	608.5238	3112.3152	736.5612	3165.4038	16.417133	3196.4744	3129.8303	373.41666	1000.0	155000	170.45065	57.603542	253.75089	-68.267426	170.45015	57.61368	260.92126	-62.365597	171.14421	56.614796	257.62494	-50.29118	1.0373033	2.5422368	43.636284	-12.927729	-172.41187	7.0394235	6.3908854	7.02724	2092.0598487854004
32	1660.5762	915.56415	3257.3274	912.9241	967.0702	10.57908	982.09705	949.3357	499.54544	281.7	160000	173.69238	58.507435	253.22757	-82.813866	173.69171	58.511833	262.20935	-86.403305	174.37863	57.499226	257.2684	-51.07595	1.0010104	2.5420282	30.986704	-13.40489	-175.59914	6.6781387	6.5668583	6.98492	2172.7054834365845
33	1489.5254	751.3789	3313.3608	713.2327	2705.6436	463.45947	3256.08	1848.5817	459.18182	820.3	165000	177.07698	59.814312	258.02164	-52.736755	177.07741	59.813232	260.89914	-79.8075	177.77168	58.870914	258.92795	-38.63979	1.003577	2.5293581	34.328094	-13.157355	-179.02464	6.4282427	6.5628033	7.262597	2255.117340564728
34	1488.1024	677.845	3142.3525	694.6295	1905.9857	303.8514	2680.1846	1606.0901	443.45456	579.8	170000	180.62593	60.79916	262.76877	-105.62986	180.62512	60.803844	293.11716	-64.37668	181.33243	59.78863	260.69785	-50.327435	0.9708719	2.5076332	30.147446	-12.840864	-182.56422	6.8547616	6.725914	7.2862606	2329.2798709869385
35	1739.0468	715.75024	3047.3625	733.2553	2968.3418	14.736944	2997.4565	2945.4778	529.0	1000.0	175000	183.6825	61.355576	263.59274	-74.17422	183.68204	61.361477	266.93564	-62.467773	184.34576	60.37717	263.13556	-76.441864	0.9552525	2.5210395	27.908337	-14.440923	-185.56244	6.714998	6.4559307	6.959995	2400.7582914829254
36	1816.3816	865.5641	3189.165	877.41315	2617.5967	653.8112	3130.689	1567.79	563.2	828.9	180000	186.53882	62.37292	265.66193	-115.54584	186.53842	62.37792	268.3352	-94.61189	187.23886	61.375706	265.59634	-81.285545	0.98946357	2.5638204	34.89714	-14.397999	-188.45654	6.2934675	6.15923	7.103821	2483.168520450592
37	1984.522	887.17017	3376.3472	943.5884	1061.4429	26.446331	1097.9158	1029.0702	585.55554	304.2	185000	189.97688	63.319992	269.50897	-99.627975	189.97658	63.323307	271.79498	-82.05151	190.66113	62.330788	270.69888	-54.16672	0.988847	2.5786748	32.472507	-12.766664	-191.84933	6.0226345	5.838483	6.9060855	2555.183648586273
38	1980.6598	730.00336	3256.8552	945.92596	3462.2153	47.53659	3502.8535	3347.5413	576.7143	1000.0	190000	193.11134	63.930355	273.4076	-89.14881	193.11078	63.93383	273.44427	-65.00671	193.77399	62.963764	272.8661	-42.556145	0.98975885	2.6035142	38.253708	-11.73462	-194.98715	6.599516	6.3895936	7.602253	2623.382077693939
39	1772.4922	861.8489	3383.954	1086.1173	2927.1636	424.03403	3243.5945	1960.0812	519.0	929.9	195000	195.61066	65.13984	278.27045	-68.109085	195.61014	65.15299	280.05222	-99.90263	196.25513	64.17244	277.4269	-41.900364	0.9987964	2.5752747	32.905674	-10.739679	-197.47057	6.313439	5.5461226	6.7861233	2710.7419221401215
40	1932.7632	753.4053	3171.0234	1038.8219	3013.7593	573.51996	3368.9673	1808.9066	579.6667	908.8	200000	197.98318	65.53829	295.12955	-116.84225	197.98286	65.548416	283.28705	-88.250595	198.60785	64.57652	280.93912	-41.270733	0.9476288	2.5434651	29.027283	-14.254855	-199.79617	6.487697	5.9240837	6.3521924	2792.0789947509766
41	2296.7234	878.1164	3347.1543	1319.1691	3288.5815	178.26459	3398.1348	2759.4084	684.7143	978.4	205000	200.5674	65.8668	283.7688	-141.78989	200.56828	65.87381	285.52325	-78.84652	201.17555	64.88489	283.79352	-48.34727	0.9527242	2.551829	35.237865	-11.9357815	-202.3868	6.231791	5.359854	7.1628556	2870.0267634391785
42	2141.2546	786.74493	3332.2124	1248.5483	2538.9592	530.5868	3087.7542	1772.2539	634.8571	796.9	210000	202.44562	66.27802	284.04398	-89.27472	202.44482	66.27869	286.21738	-82.12464	203.06258	65.28023	285.35306	-42.89826	0.97784996	2.581904	33.840797	-14.0007305	-204.24963	6.1354322	6.1228404	6.4126472	2940.8153960704803
43	2345.131	937.6748	3390.5034	1025.9321	3046.1052	516.40625	3407.8708	2072.5813	699.375	896.4	215000	204.86981	66.41443	286.6198	-61.139744	204.87016	66.41804	288.74402	-68.02457	205.47409	65.41594	287.43253	-51.788475	0.94488	2.5819695	34.733803	-11.232691	-206.64714	6.1385255	5.692573	6.831021	3023.2247064113617
44	2115.853	1052.101	3410.4465	1029.7983	2051.8118	921.4004	3442.1587	1226.6781	608.2857	576.1	220000	206.49019	66.856	290.06934	-48.31753	206.4895	66.85941	291.09564	-56.89525	207.0736	65.82102	290.32224	-50.097572	0.9304944	2.6134515	29.530636	-11.18499	-208.29297	5.9528656	5.9575844	7.0697227	3087.094482898712
45	2370.2058	864.38574	3413.2805	1257.9432	2820.4465	740.39856	3431.0027	1895.392	686.5	808.5	225000	208.51178	67.15025	292.48373	-70.67241	208.51279	67.15947	293.04172	-83.08323	209.04326	66.16549	291.48154	-57.317417	0.9772487	2.616442	29.170326	-13.477005	-210.26161	6.237604	5.429127	6.423279	3166.8543603420258
46	2252.7646	991.1776	3409.581	950.24615	3043.609	474.3135	3364.4028	1830.8054	647.25	890.4	230000	210.27432	67.82851	292.67697	-86.30625	210.27333	67.82686	296.11093	-95.763374	210.81615	66.84556	295.66162	-33.376743	0.9554104	2.5982919	37.848717	-14.766117	-212.0281	5.909168	6.1067967	6.6594005	3245.8748712539673
47	2851.113	758.0633	3428.7952	1623.9701	3369.5762	3.0914376	3374.4897	3363.1868	831.3333	1000.0	235000	212.743	68.16328	296.69858	-99.74465	212.74327	68.17147	297.41608	-82.12663	213.2562	67.21551	295.36542	-32.017765	0.9175668	2.5621939	27.706978	-11.419858	-214.40894	5.6956844	5.086473	6.4649	3324.3313529491425
48	2917.6409	864.98303	3383.614	1188.2296	3361.2544	2.3442976	3364.741	3358.3616	864.6	1000.0	240000	214.5806	68.650856	297.7669	-56.140835	214.58098	68.65624	297.25305	-68.33412	215.0606	67.67805	296.52368	-22.98594	0.9254717	2.6027644	31.246246	-14.348457	-216.26231	6.352142	6.023191	6.8992653	3395.8334465026855
49	2709.5913	1046.645	3409.047	867.0849	3366.4148	1.6803516	3369.0928	3363.5098	800.5714	1000.0	245000	217.1272	68.89758	299.0988	-70.53126	217.127	68.89884	300.79538	-83.25755	217.66724	67.88922	301.66623	-65.29202	0.9645996	2.600712	33.523003	-12.958098	-218.85422	5.563433	5.385813	6.2561126	3480.363420724869
50	3189.6206	433.55197	3481.7727	2326.182	3309.2844	234.94948	3424.1946	2608.4517	927.2	974.8	250000	219.7191	69.07803	301.1916	-71.433075	219.71988	69.08707	302.72635	-219.32193	220.24211	68.08298	302.54745	-44.135445	0.9617566	2.6475434	42.005753	-14.408731	-221.41222	5.996276	5.4143786	6.562986	3554.54376077652
51	2834.4656	820.3355	3449.912	1445.8705	2140.983	558.1946	3009.191	1491.3711	825.6667	584.2	255000	221.80113	70.0341	304.60962	-162.83308	221.80054	70.03805	303.66074	-86.46195	222.33102	69.0459	304.0259	-44.994553	0.9292462	2.6440458	35.768135	-11.249646	-223.53513	5.606924	5.565699	6.4932446	3637.9377777576447
52	2787.7258	778.3207	3507.47	1585.0098	3375.3145	2.1351929	3379.4822	3371.6006	801.2857	1000.0	260000	223.60147	70.79785	306.72632	-57.572765	223.60182	70.791405	307.12784	-93.54367	224.10751	69.79681	305.39648	-34.038795	0.9525428	2.661604	37.326508	-10.719624	-225.29758	5.3485994	5.742378	6.481411	3739.8366000652313
53	2633.7275	994.54626	3374.3833	1094.5686	3412.5718	3.377023	3417.2148	3407.1663	780.3333	1000.0	265000	226.00758	70.541214	309.61536	-56.921947	226.00914	70.55205	308.45328	-111.31063	226.49753	69.57917	308.421	-46.905685	0.8889299	2.5976696	35.6445	-12.283329	-227.67784	6.183867	5.0441227	6.318029	3827.3627507686615
54	3402.2417	121.02861	3494.0195	3164.7896	3452.379	6.49045	3464.977	3442.837	975.0	1000.0	270000	228.20103	70.999596	311.8849	-142.33682	228.20085	70.998116	311.3111	-113.19039	228.69652	70.03259	311.65503	-33.845734	0.8880739	2.60223	30.068367	-11.500214	-229.85695	5.732611	5.7488027	6.639413	3919.3410766124725
55	2724.8252	970.6289	3516.4407	1297.2336	3400.7668	4.8346963	3408.2935	3392.8452	792.6667	1000.0	275000	230.28723	71.255356	314.51422	-97.185776	230.28769	71.25995	315.16757	-173.15887	230.75119	70.28344	312.62564	-25.004826	0.8572421	2.5634189	30.793734	-11.14771	-231.91258	5.914548	5.4846544	6.324161	4008.8357050418854
56	3468.1948	72.3391	3568.9277	3345.44	3403.0144	1.4505173	3405.3857	3400.5305	1000.0	1000.0	280000	232.02823	71.65555	325.0922	-132.33788	232.0282	71.659	328.6111	-86.301865	232.51903	70.67164	324.31375	-64.88698	0.8528758	2.541357	26.948322	-12.946811	-233.6388	5.3951836	5.1295514	6.145187	4103.520518779755
57	3300.4846	285.35745	3458.0337	2666.028	3256.2522	326.7839	3417.5547	2280.108	960.6667	963.9	285000	234.27776	72.011154	327.70853	-77.129776	234.27855	72.01337	329.4564	-72.12144	234.713	71.043465	326.98123	-34.348904	0.76185095	2.5510294	26.308475	-14.932867	-235.8355	5.734674	5.455992	6.4432144	4203.389593601227
58	2861.332	808.4252	3438.3525	1337.3732	3345.4739	2.87558	3350.8796	3341.5706	833.8333	1000.0	290000	236.12567	72.22663	329.47333	-67.8733	236.1258	72.232414	330.22766	-173.0858	236.59108	71.27067	330.6658	-52.321102	0.78756493	2.538257	44.506676	-12.01499	-237.71527	5.1212263	4.909227	6.4441733	4296.674492120743
59	3434.834	106.29925	3625.3567	3331.5295	3154.5815	570.85345	3499.9844	1938.4187	994.6	909.7	295000	237.7082	72.43394	331.6918	-119.23118	237.70732	72.43872	331.66354	-142.20236	238.13763	71.460724	330.98404	-48.1523	0.8029144	2.567338	31.459297	-11.786655	-239.24731	5.343203	5.292353	6.068538	4386.176927566528
60	2945.2644	759.7874	3534.0344	1692.0408	3521.4407	7.7625155	3537.8784	3508.707	833.8333	1000.0	300000	239.26326	72.75858	332.59518	-68.594795	239.26369	72.76333	333.53854	-90.66511	239.71461	71.78752	331.67548	-35.473854	0.8101076	2.5817142	26.983326	-13.128909	-240.86003	5.391687	4.9483547	6.073363	4480.554244756699
61	3451.5461	15.515461	3476.427	3429.7063	3581.2095	9.195524	3596.517	3567.671	1000.0	1000.0	305000	240.69214	72.77413	334.1976	-73.62347	240.69113	72.779564	332.68915	-90.191284	241.1046	71.843575	331.37286	-37.560753	0.77736515	2.5515888	28.35473	-12.916664	-242.20645	5.0717883	5.0214868	5.811401	4571.970860242844
62	2960.0618	793.8443	3515.984	1306.5969	2922.8616	529.8613	3556.6897	2323.2495	840.0	796.2	310000	242.43666	73.33554	334.46118	-103.68178	242.43784	73.34132	335.08633	-112.807846	242.85556	72.40571	334.94144	-32.114178	0.77386177	2.5937142	30.586647	-11.770205	-243.95416	5.692784	4.7358212	6.159279	4659.75661277771
63	3280.1875	405.549	3529.5508	2470.8325	3439.8887	11.765181	3455.7407	3423.1235	932.2	1000.0	315000	243.99652	73.20063	337.33554	-52.281048	243.99638	73.21117	337.1334	-91.2036	244.41208	72.23454	334.94864	-53.710243	0.7429994	2.5801008	28.457674	-11.701107	-245.5178	5.262253	4.5638947	5.620739	4737.410121440887
64	2378.4656	903.8864	3486.3787	1300.8932	3417.5515	4.242924	3424.8452	3410.1997	668.0	1000.0	320000	245.17647	73.34908	335.76645	-78.15597	245.17627	73.35151	336.27914	-159.6686	245.57825	72.39807	336.1997	-42.601498	0.72555286	2.5666223	39.11551	-11.396698	-246.674	5.572017	5.645768	6.754042	4821.294331789017
65	2397.1738	1106.4498	3497.0576	1020.3537	2540.2454	992.89056	3575.9968	1445.1582	683.8333	710.3	325000	246.47908	73.36846	338.1778	-70.42109	246.47887	73.37536	337.76584	-96.98856	246.87656	72.4106	334.6463	-31.061775	0.6778828	2.5314682	46.35162	-13.623219	-247.97543	5.3965993	4.9288373	5.7502675	4887.675583600998
66	2245.1104	1147.9197	3557.9016	243.22931	3448.3914	3.440883	3456.3188	3445.308	637.2222	1000.0	330000	247.47824	73.670204	340.7907	-67.81822	247.4772	73.67633	343.83047	-194.99646	247.84952	72.74198	342.23615	-25.719604	0.6406321	2.4846733	31.51678	-12.78352	-248.93378	5.1823635	5.0401306	6.035606	4988.574989795685
67	3455.1343	25.620686	3496.4175	3424.9402	3463.5195	4.768264	3468.881	3453.8628	1000.0	1000.0	335000	248.32497	73.38637	341.37292	-79.19381	248.3247	73.39384	342.92776	-87.64959	248.6966	72.44514	342.82977	-17.852776	0.74786264	2.538371	27.075367	-10.57313	-249.78543	5.5488887	4.993621	5.8600807	5082.192422389984
68	2550.079	1055.459	3455.855	1001.7244	3324.0046	432.68027	3557.7197	2101.1812	734.0	942.1	340000	249.71718	73.159164	343.94598	-45.643005	249.71695	73.16599	343.88272	-95.34628	250.07571	72.247284	342.3521	-59.31751	0.67186207	2.5349855	31.873587	-11.929514	-251.13737	5.4053955	4.978911	5.7892737	5167.327083110809
69	3212.3767	485.33377	3624.6296	2209.5994	3451.6167	7.6661825	3469.901	3441.187	908.1667	1000.0	345000	250.99892	73.6589	342.91663	-110.832245	250.9985	73.66588	343.57214	-125.394714	251.36441	72.75215	341.46786	-32.281094	0.7024317	2.5995078	42.605816	-11.821883	-252.4499	5.192661	4.7041273	5.4242773	5265.7208251953125
70	2369.2468	1163.6937	3542.7668	919.2302	3481.0913	5.397439	3490.9636	3473.135	669.875	1000.0	350000	252.30884	73.8841	344.3213	-102.060715	252.30856	73.889755	348.08423	-117.398254	252.66684	72.96702	344.9722	-31.061121	0.715911	2.5356302	29.669207	-10.834014	-253.74268	5.5051465	5.1613593	5.561021	5362.856516838074
71	2344.8774	804.3942	3601.3818	1303.7667	2902.2239	793.4899	3426.0996	1689.8276	652.2857	845.5	355000	252.77269	73.93176	347.7849	-75.71825	252.77324	73.93687	346.38602	-78.76823	253.1038	72.993835	346.04483	-29.54023	0.690383	2.5629644	36.95046	-12.3412285	-254.19688	5.768296	5.2388334	6.0784097	5446.977369785309
72	3127.0095	425.2911	3484.962	2294.191	3458.9233	5.377728	3467.584	3450.1033	891.3333	1000.0	360000	253.49077	73.96055	348.19183	-112.373886	253.49059	73.95694	349.57236	-115.6411	253.81651	73.03393	346.007	-26.117702	0.64595926	2.5600312	35.812122	-14.284522	-254.87996	4.7556148	5.0745964	5.2861767	5545.13352394104
73	3155.5105	622.4863	3557.417	1914.2042	3455.479	8.044152	3471.2173	3439.2825	901.2	1000.0	365000	254.02045	73.76125	349.8836	-76.19536	254.02126	73.768524	349.61914	-99.36349	254.31543	72.85629	346.64862	-22.37677	0.63163686	2.5672727	35.111248	-11.184003	-255.38853	4.7392235	4.1270084	5.374755	5632.52090215683
74	3029.8699	606.7427	3513.266	1968.9991	3456.2812	5.026014	3465.9602	3449.4678	874.6667	1000.0	370000	254.79488	73.61706	349.7675	-91.393	254.7946	73.61559	350.34625	-104.52576	255.1189	72.71265	347.836	-21.783285	0.63931906	2.5127988	34.884895	-11.263882	-256.1633	5.3089542	5.397007	5.537713	5730.685925722122
75	3066.503	812.6549	3501.6282	1251.2137	3440.9915	7.128455	3455.0515	3427.1995	892.1667	1000.0	375000	256.02048	73.655624	349.53586	-95.3779	256.02063	73.66391	349.3497	-101.168686	256.31732	72.78155	348.77914	-30.777534	0.6054101	2.5111313	38.1335	-12.5387945	-257.35992	5.1921325	4.3847713	4.9306	5826.326185941696
76	3002.2266	851.7208	3470.0112	1299.8986	3514.4055	10.574182	3539.0176	3499.619	871.8	1000.0	380000	256.9123	73.62265	348.96152	-52.490788	256.91275	73.620995	349.85626	-61.617916	257.22302	72.751854	348.53668	-29.832335	0.6288283	2.507902	47.565216	-12.063035	-258.26505	4.961824	4.956225	5.1343074	5914.186550617218
77	2664.2117	989.65924	3622.957	1301.241	3062.9563	575.97504	3607.993	2231.1829	746.2857	846.0	385000	257.51462	73.73804	351.89014	-83.33878	257.51532	73.73907	354.82205	-205.97272	257.79117	72.89033	347.97336	-46.637928	0.586313	2.4999008	30.98233	-14.521065	-258.83365	5.0819836	4.9090586	5.4914227	6005.460782766342
78	2642.7136	666.6151	3408.2634	1561.6091	3460.064	1.766065	3462.503	3456.795	742.2857	1000.0	390000	258.52386	73.28125	356.37933	-102.80281	258.52347	73.28906	351.50034	-158.13174	258.8051	72.4288	351.58176	-55.00036	0.6057637	2.483798	32.89591	-12.471054	-259.82736	4.9635057	4.2336826	5.922286	6102.8971824646
79	2612.1472	1162.3207	3518.5051	221.10327	3454.5918	1.9891863	3457.121	3451.5835	742.0	1000.0	395000	259.2843	73.25466	357.9316	-84.87039	259.28494	73.25651	357.69122	-78.47169	259.56662	72.38753	352.39923	-64.3086	0.5881029	2.4938796	34.418327	-13.87058	-260.609	5.558968	5.3646064	5.7543526	6187.689455032349
80	2802.1152	922.4598	3488.1885	1333.6051	3513.8313	27.950275	3595.213	3497.724	806.3333	1000.0	400000	260.05267	73.28925	352.20612	-64.416504	260.0526	73.29823	353.1609	-85.409805	260.32178	72.424286	353.93198	-21.423462	0.5732623	2.470036	34.60753	-13.338888	-261.3539	5.561	4.7455697	5.2416143	6266.382591724396
81	3065.6472	761.44354	3514.3816	1545.3347	3519.5776	2.1789436	3522.6501	3514.9731	868.6	1000.0	405000	260.94553	73.096596	354.2088	-88.28543	260.9462	73.09613	352.8779	-87.34839	261.22134	72.23581	350.70474	-19.661085	0.55192995	2.4300225	35.416157	-11.941787	-262.2532	4.564422	4.353977	5.837358	6340.28208732605
82	2674.736	959.4606	3567.279	1354.8024	2233.4412	672.5596	3595.2686	1742.1375	752.4286	602.6	410000	261.82248	73.29843	357.3596	-125.57602	261.8222	73.298294	355.2466	-96.69956	262.1012	72.458466	356.7563	-28.6711	0.61085033	2.4603813	32.000694	-12.463447	-263.1359	4.6876764	4.9562664	5.373062	6416.995079040527
83	3188.861	682.6692	3567.5461	1666.3706	3519.7417	4.539391	3528.5974	3511.9834	917.8333	1000.0	415000	262.56833	73.47073	356.2772	-125.58239	262.56824	73.465485	355.49167	-96.37223	262.80438	72.64135	356.46454	-24.952175	0.5583147	2.462435	33.68094	-10.956785	-263.8214	4.861612	4.904479	5.279104	6501.912601709366
84	2687.363	829.7524	3505.6907	1488.5546	3497.9927	4.3382087	3507.831	3493.152	755.0	1000.0	420000	263.39462	73.41626	355.52695	-84.82043	263.39493	73.41801	355.06238	-65.98751	263.63153	72.56791	352.94763	-42.665756	0.5668515	2.4499013	30.27608	-10.780618	-264.67935	5.3636813	5.080185	5.7302556	6577.7991416454315
85	2766.0632	1003.4	3489.174	1068.2023	3477.655	3.7203352	3484.259	3472.126	791.8333	1000.0	425000	264.07886	73.5037	355.59048	-83.82729	264.0776	73.517586	356.2223	-133.93819	264.34647	72.66799	356.7186	-29.697447	0.550255	2.439019	35.489655	-12.910607	-265.35214	5.312294	4.8194766	5.2362037	6655.330190420151
86	2695.1504	910.3655	3480.321	1380.8949	3527.2397	10.8923855	3542.3474	3509.1843	762.0	1000.0	430000	264.57156	73.64479	358.074	-159.9514	264.57166	73.63901	356.49423	-157.28564	264.81104	72.80555	355.00986	-36.280857	0.48228297	2.4042609	29.876953	-12.575479	-265.8294	4.583684	4.932625	5.4753923	6740.273193120956
87	2673.738	890.7943	3487.6956	1413.187	3480.4695	3.6091907	3487.3708	3472.8904	753.7143	1000.0	435000	265.65265	73.36392	356.44202	-54.585693	265.65375	73.36665	356.56348	-95.31652	265.888	72.553474	356.34024	-27.301994	0.4572677	2.4227889	30.963001	-13.027445	-266.8706	5.1265926	4.531443	5.2747097	6823.678788661957
88	2753.7043	944.5339	3503.3232	1052.1545	3468.1099	4.044814	3476.4048	3462.8372	783.8333	1000.0	440000	266.14264	73.53715	358.58994	-103.71243	266.14285	73.536804	358.69495	-210.43066	266.35544	72.71673	356.00308	-59.020664	0.47444692	2.4147203	40.950993	-11.285442	-267.34637	4.9187837	4.9035754	5.1364017	6899.660037279129
89	2842.0266	712.8296	3512.6985	1853.5654	3385.8313	5.8745627	3396.4478	3378.439	804.8333	1000.0	445000	266.83838	72.93174	362.89886	-100.930885	266.838	72.93085	360.2109	-107.62602	267.07663	72.08309	358.1755	-22.661427	0.5192677	2.4672692	44.635612	-12.522929	-268.0605	4.603409	4.9664836	4.836009	6978.426031827927
90	2479.1167	935.35724	3463.119	1050.713	3501.7837	6.055269	3513.3347	3493.246	699.0	1000.0	450000	267.4102	72.670906	360.37222	-77.48263	267.41022	72.66724	359.06296	-143.38745	267.64685	71.825905	358.87988	-44.935577	0.49157977	2.41675	35.25695	-11.573917	-268.6594	4.5738244	4.757722	5.2575636	7064.1037929058075
91	2333.8088	874.40186	3498.9844	1185.7329	3354.6992	2.7942195	3360.4465	3350.6338	657.5714	1000.0	455000	267.64105	72.73863	361.73584	-169.57484	267.6415	72.741905	358.87732	-132.01135	267.83887	71.925674	357.33923	-25.57815	0.42603546	2.3952763	41.672646	-10.9328785	-268.82532	4.8495684	4.3902073	5.1482196	7138.492505311966
92	3120.1567	605.32544	3462.9937	1912.2467	3419.7095	4.3779106	3425.009	3409.0586	906.0	1000.0	460000	268.07437	72.44195	360.49365	-160.71382	268.07397	72.443924	361.39407	-121.11009	268.27234	71.65648	359.418	-16.789015	0.46057987	2.3687356	35.255844	-11.634915	-269.23083	4.8542943	4.9729934	4.891474	7212.284368753433
93	2742.8196	937.7239	3556.789	995.5217	3414.0886	2.849051	3419.8577	3411.754	772.1429	1000.0	465000	268.66443	72.27521	361.72552	-74.102295	268.66367	72.27588	361.32507	-132.20915	268.862	71.49672	363.05853	-38.526287	0.40127861	2.3887014	34.433506	-10.663204	-269.81946	4.357681	4.495471	4.683259	7295.203985214233
94	3016.1338	676.8485	3539.9043	1747.6416	3515.7468	4.538051	3523.897	3508.5474	858.5	1000.0	470000	269.24982	72.15642	359.15295	-147.94727	269.2498	72.1599	359.36844	-84.764626	269.44916	71.33674	357.46295	-23.576302	0.52427095	2.4254546	35.68394	-13.345449	-270.4521	5.372459	5.0170593	5.425645	7376.3528254032135
95	2620.4067	819.66394	3471.1216	1523.8416	3487.0984	20.410809	3513.8057	3453.888	742.1429	994.8	475000	269.8222	72.14942	363.10318	-84.76171	269.82217	72.15048	364.76706	-94.60402	270.03348	71.34013	360.4404	-21.292572	0.44227883	2.384658	26.939194	-11.331033	-270.98596	4.3064914	4.1489887	4.679053	7459.031671524048
96	2578.4192	1036.4554	3496.661	1074.0316	3475.0122	1.6825461	3478.452	3473.5483	737.0	1000.0	480000	270.35004	72.43485	361.35974	-91.03696	270.34967	72.439354	362.4132	-99.464615	270.5313	71.64832	359.16104	-23.69789	0.33809254	2.3507876	31.991127	-10.677469	-271.47842	4.1966295	3.9891717	4.812755	7531.5133266448975
97	3142.432	671.9329	3471.5947	1640.9781	3503.08	5.5875554	3508.9724	3490.3892	898.1667	1000.0	485000	270.77927	72.79267	361.79236	-99.64032	270.77866	72.79217	360.93326	-123.0446	270.98007	71.9993	360.77185	-33.58141	0.42264375	2.416783	37.17296	-10.77027	-271.94016	4.6581826	4.5268917	5.16218	7612.952102899551
98	3146.359	598.31793	3460.8494	1949.9117	3504.811	6.689703	3514.7578	3494.7817	895.6	1000.0	490000	271.4939	72.55234	363.15396	-138.42827	271.49493	72.54655	364.45575	-117.904755	271.6731	71.76802	361.43945	-21.786932	0.3653729	2.3966215	32.0121	-12.925863	-272.61868	4.227225	4.5809627	4.5977645	7683.189587831497
99	2432.5574	957.0269	3586.7869	965.16766	3558.3977	13.510046	3587.61	3542.7908	685.0	1000.0	495000	272.30533	72.34381	364.38373	-110.12811	272.30527	72.345825	363.30167	-129.9524	272.48935	71.56732	362.67694	-37.331463	0.4071332	2.4177735	29.8162	-11.141345	-273.44064	4.332578	4.0780616	5.1059537	7764.554851770401
100	2125.555	954.6392	3468.2087	991.77075	2082.617	297.51205	2541.1028	1682.1091	599.8889	571.9	500000	272.92087	72.37225	363.78967	-92.51066	272.9206	72.37832	361.90015	-168.78085	273.10257	71.62375	361.03296	-32.335003	0.32020596	2.355154	33.36134	-14.195393	-274.02026	4.0144954	3.9598033	4.7303123	7840.004566907883
101	2480.0022	944.5772	3582.0535	1236.0756	3439.5981	2.081914	3444.012	3437.2366	695.5714	1000.0	505000	273.3849	72.35156	365.71353	-95.0998	273.3852	72.35661	363.24893	-183.0283	273.56332	71.56595	364.95358	-36.97474	0.37036183	2.3993878	34.718872	-12.131692	-274.5013	4.512157	4.1518474	4.7262807	7915.246818304062
102	3471.3125	82.77568	3608.6353	3394.219	3445.4927	3.9575765	3452.3987	3440.532	1000.0	1000.0	510000	273.50885	72.18253	363.676	-77.148346	273.50912	72.1835	363.3583	-115.85643	273.64642	71.43083	362.43945	-27.007095	0.36850068	2.3631554	34.144043	-14.547349	-274.61804	4.6961603	4.4765162	5.4015355	7994.222151756287
103	2770.5361	1018.735	3578.0835	999.88513	3410.9668	3.2497945	3415.9792	3404.9304	790.6667	1000.0	515000	274.02502	72.19921	362.32526	-104.236595	274.02554	72.20148	362.83228	-78.54637	274.18576	71.4428	361.94852	-26.124063	0.32635686	2.3093023	33.542477	-11.471632	-275.09268	4.099863	3.682306	4.5171185	8065.959801435471
104	3416.6277	37.675854	3454.1526	3351.4502	3378.984	6.34475	3385.6443	3361.9734	1000.0	1000.0	520000	274.80673	71.82622	364.2662	-124.744965	274.8057	71.83142	364.79565	-84.9773	274.9935	71.063225	364.29712	-18.174515	0.3584508	2.345216	30.14655	-11.440174	-275.8929	4.1905446	3.820682	4.3133698	8146.6251745224
105	2342.9863	966.3741	3452.3137	951.4007	3487.9766	7.881514	3496.0706	3468.7566	670.0	1000.0	525000	274.8701	72.117226	364.4381	-102.35846	274.8702	72.11925	364.68958	-111.45077	275.026	71.37386	363.3249	-24.887554	0.31944478	2.3641016	36.731644	-12.252955	-275.93338	4.394555	4.2358084	4.5454154	8227.377146959305
106	1798.8715	914.12146	3487.3545	1020.9313	3454.5774	2.6889422	3458.3867	3449.78	509.22223	1000.0	530000	275.29907	72.0828	367.81705	-81.97672	275.2984	72.083916	365.80463	-89.446205	275.47824	71.31701	365.04053	-35.5122	0.34969166	2.2856216	32.28282	-12.672514	-276.37247	4.3221164	4.4679966	4.847272	8300.894022464752
107	2896.4883	819.90643	3457.835	1119.265	3416.2805	5.63544	3425.3145	3408.9036	820.3333	1000.0	535000	275.87296	72.32564	366.57574	-74.80592	275.87283	72.32923	366.6767	-196.57753	276.04483	71.58233	366.94308	-22.623634	0.3136924	2.2771323	27.499344	-11.731994	-276.92792	4.1615586	4.286854	4.281348	8379.183592796326
108	3173.053	512.77295	3436.531	2030.053	3450.8315	6.308162	3457.0835	3435.712	915.3333	1000.0	540000	276.2037	71.8099	365.93542	-83.91727	276.20398	71.81319	367.00607	-105.68787	276.34305	71.056435	367.4493	-65.43058	0.3111314	2.3421643	29.224897	-11.483745	-277.26038	4.775624	4.4527855	4.6715083	8462.254564523697
109	3284.6997	279.44284	3524.3086	2747.6362	3472.1414	6.894012	3482.1118	3460.913	929.4	1000.0	545000	276.67273	71.45529	366.14508	-107.15725	276.67297	71.45777	367.2384	-105.11562	276.82333	70.70254	364.89612	-17.790081	0.31222552	2.3605356	31.731693	-12.011217	-277.714	3.916973	3.7472503	4.1584616	8533.393652677536
110	2648.9316	872.4271	3510.3818	911.47034	3461.4653	4.2543497	3473.031	3455.6375	758.0	1000.0	550000	276.81302	71.26822	366.79865	-70.97371	276.8129	71.27074	367.09167	-117.97121	276.94833	70.5518	367.26117	-103.85151	0.29009598	2.2952092	36.525276	-11.918261	-277.8204	4.815377	4.469214	4.604187	8614.983798742294
111	3423.1633	35.41852	3489.7659	3389.0176	3438.5742	2.3543732	3443.41	3434.484	1000.0	1000.0	555000	277.57797	71.09887	368.64902	-135.78903	277.57825	71.09981	368.4232	-84.89537	277.73572	70.37604	367.54575	-60.25722	0.33146888	2.3121831	32.883305	-11.881973	-278.6125	4.1339946	3.9412656	4.4260616	8693.317291736603
112	2724.3171	981.9282	3482.505	1287.7162	3506.1875	5.34424	3512.436	3496.8696	791.3333	1000.0	560000	278.47626	70.96167	368.7038	-76.15441	278.47647	70.96128	370.07535	-177.2687	278.63986	70.20976	368.93057	-33.599724	0.21528305	2.2660644	28.57009	-11.964841	-279.4884	3.7458057	3.7654638	3.8214846	8770.9070687294
113	2299.7915	787.69244	3493.7368	1503.6832	3438.7617	5.668103	3449.4158	3432.405	644.875	1000.0	565000	278.98306	71.09798	369.76746	-112.528915	278.98233	71.106865	368.58768	-93.99192	279.1276	70.37704	368.72763	-26.862688	0.26747373	2.3096077	33.179085	-11.516316	-279.98032	4.3159165	3.772493	4.131159	8851.834226369858
114	3462.6829	31.615705	3501.9312	3420.0833	3517.9192	11.654832	3539.9146	3499.919	1000.0	1000.0	570000	279.5287	71.24745	368.58087	-47.10415	279.52844	71.245056	369.51477	-69.22108	279.6817	70.55392	369.63324	-19.668491	0.29217657	2.291478	39.604904	-13.109282	-280.5148	3.910193	3.97455	4.1897774	8930.503157615662
115	2590.0183	841.9813	3634.0254	1356.279	3501.2922	25.162983	3533.2874	3456.041	731.4286	1000.0	575000	279.88138	70.96423	369.3779	-88.49993	279.88177	70.96606	368.09094	-85.50226	280.01746	70.191826	370.57065	-51.3205	0.2306292	2.27355	32.01729	-10.748459	-280.89383	3.8483841	3.6233833	4.1697645	9011.073101758957
116	2499.7678	1010.7146	3509.879	1241.3458	3505.2603	6.1591415	3514.384	3495.628	710.3333	1000.0	580000	279.8967	70.60888	369.90887	-132.64609	279.89648	70.606674	369.97363	-99.01243	280.03397	69.87899	368.4597	-16.609333	0.26176676	2.2930167	33.06308	-10.556506	-280.90427	3.8466609	4.0035777	4.2180076	9084.12200307846
117	2666.5432	864.54083	3475.1462	1194.2811	3483.939	2.1398938	3487.0725	3480.5776	750.2857	1000.0	585000	280.54514	70.701965	372.25577	-68.90077	280.5462	70.70198	373.00546	-139.18312	280.68994	69.98615	372.33	-21.822166	0.27650663	2.2856383	26.831322	-13.0467615	-281.51974	3.5179975	3.5830796	4.236396	9167.7101957798
118	2706.5176	855.0047	3514.093	1041.4926	3452.7703	9.220213	3468.97	3429.9094	763.1429	993.8	590000	280.65952	70.96694	372.3973	-125.66287	280.6598	70.97155	373.75305	-86.668724	280.78247	70.2713	371.59415	-56.79199	0.27354035	2.3073514	33.517933	-10.846339	-281.6349	3.9833512	3.4572175	4.119829	9253.505794763565
119	2451.1929	938.1809	3478.6008	1344.8353	3448.6472	3.5738108	3457.5613	3444.9946	695.8571	1000.0	595000	281.17862	70.55994	371.7889	-72.28677	281.1791	70.55869	372.59802	-83.44349	281.2837	69.89003	371.63916	-33.638004	0.22974354	2.261165	28.038706	-10.905834	-282.1278	4.1156206	3.9706738	3.7986321	9334.01499414444
120	3004.4875	857.4948	3449.4429	1289.72	3406.3105	1.477505	3408.2898	3403.8103	869.8	1000.0	600000	281.55804	70.7703	371.20477	-100.7258	281.55853	70.76848	371.73715	-158.08606	281.70636	70.08067	372.42953	-17.620884	0.20975566	2.2931983	31.001863	-10.96324	-282.52686	3.8638341	3.9465766	4.0862317	9408.342919826508
121	2953.479	580.6484	3496.9417	1933.8057	2396.5938	751.182	3535.1594	1669.8845	839.8571	663.9	605000	282.36307	70.78802	373.43747	-108.432526	282.36267	70.79651	374.33582	-169.55174	282.50662	70.0687	371.7689	-36.690075	0.26093686	2.3034575	28.545818	-12.128939	-283.34558	3.9618447	3.6205382	4.085633	9493.939311742783
122	2470.1753	885.4217	3518.9634	1379.9944	3427.237	2.8630219	3432.162	3421.1409	701.0	1000.0	610000	283.05475	70.90009	375.46017	-111.526146	283.05487	70.89882	374.58215	-155.26204	283.18753	70.179756	373.13327	-25.326988	0.16916926	2.3011055	34.421753	-11.154723	-284.00647	3.4112923	3.406323	3.8990617	9575.125527858734
123	2975.5864	701.8418	3557.652	1701.322	3471.4727	7.533252	3487.1924	3460.4146	846.4	1000.0	615000	283.0654	70.59114	374.5429	-57.31428	283.0648	70.59278	374.40576	-58.844894	283.15854	69.924446	372.10233	-12.9030905	0.21875007	2.2905538	36.59801	-13.080408	-284.01785	4.1655564	3.8430269	4.1363535	9648.058379173279
124	2424.0574	1129.9531	3493.909	192.93356	3475.1594	6.424985	3487.2742	3463.1726	699.375	1000.0	620000	282.92352	70.98722	373.0088	-59.47039	282.9232	70.99156	373.15228	-185.87442	283.01044	70.35731	372.80774	-40.683968	0.19484535	2.261136	33.221977	-15.041049	-283.85385	3.5526202	3.644838	4.021627	9735.467878580093
125	2412.8462	755.0181	3478.052	1620.09	3495.2095	8.641032	3515.8582	3486.1526	680.4286	1000.0	625000	282.7885	70.86231	372.81158	-86.099144	282.78864	70.85846	373.03937	-107.93909	282.88907	70.201096	371.18307	-66.84291	0.181519	2.2861574	26.541037	-11.495626	-283.726	3.7456467	4.1387377	3.9047635	9813.423132181168
126	2341.7632	774.94183	3509.1516	1275.0448	3456.5051	3.3970237	3460.3755	3449.4436	658.375	1000.0	630000	283.37955	70.233894	372.57248	-141.06396	283.3795	70.230934	371.52402	-128.79987	283.51086	69.540955	371.18976	-33.143982	0.19753103	2.2788627	25.62492	-12.413065	-284.3296	4.0091066	4.043023	3.9390879	9897.788254022598
127	2933.2275	749.4873	3527.215	1599.551	3457.1562	2.6319745	3463.0679	3453.3076	842.6667	1000.0	635000	283.53485	70.299225	372.8685	-62.374996	283.53534	70.30006	374.02646	-149.82176	283.625	69.642105	372.11142	-30.760403	0.21096441	2.2836497	30.565973	-12.006695	-284.46298	3.9445288	3.8734686	3.6859584	9979.817435741425
128	2936.6233	795.18054	3518.2598	1698.4302	3543.069	6.3403354	3554.1423	3534.5557	827.1667	1000.0	640000	283.7083	70.35195	373.99338	-83.20545	283.70813	70.350136	374.5392	-120.60984	283.8347	69.653534	373.30103	-36.76634	0.17784236	2.279951	32.263638	-13.291445	-284.64407	3.9802263	4.1144586	3.918049	10059.123968839645
129	2839.0032	902.217	3570.7908	1332.3319	3010.0327	780.20465	3536.5725	1738.7133	803.1667	848.2	645000	284.58203	70.05081	374.6596	-191.77322	284.58188	70.05161	375.55585	-209.66772	284.69672	69.376724	373.7342	-39.04449	0.17882328	2.2996776	36.05543	-11.169236	-285.49985	3.6734204	3.8381155	4.091474	10135.27240228653
130	2523.7395	771.2632	3639.8125	1305.5792	3496.5396	4.799812	3506.907	3489.9373	690.1429	1000.0	650000	284.81583	70.22699	376.43698	-55.060074	284.81616	70.22676	375.75388	-124.62261	284.90082	69.57692	375.6097	-29.17154	0.18681405	2.3020232	30.826868	-14.346939	-285.748	3.5859573	3.708222	3.9967237	10213.505848646164
131	3245.764	229.80843	3501.1394	2907.0154	3486.5046	3.172217	3492.4104	3483.0256	908.8333	1000.0	655000	284.7496	70.5041	373.9779	-54.471325	284.75006	70.50598	374.46262	-69.73082	284.85562	69.82689	375.14017	-70.003654	0.14932728	2.2668388	29.099606	-12.963105	-285.67526	4.0307274	3.8919094	4.183209	10298.704826831818
132	2691.1226	673.4706	3588.3965	1785.8636	3488.884	6.4928255	3499.847	3476.589	745.7143	1000.0	660000	285.00812	70.38488	376.1134	-78.764404	285.00784	70.37944	375.0963	-109.620476	285.12497	69.706184	374.50085	-23.683336	0.12844622	2.2643273	41.353973	-11.90484	-285.93262	3.1463616	3.6225593	3.6751492	10382.50291109085
133	3481.4062	31.993746	3528.7686	3428.5537	3535.1802	8.965613	3549.211	3518.6187	990.2	1000.0	665000	285.28397	70.168015	374.67645	-115.093094	285.2845	70.166855	376.23016	-112.80636	285.3886	69.52452	373.9799	-41.36916	0.19321588	2.2491336	52.02294	-11.101444	-286.18356	3.6610227	3.5416775	3.9054406	10462.244159698486
134	2895.8174	551.4721	3575.2437	1928.4045	3492.655	4.961976	3499.3655	3485.506	811.3333	1000.0	670000	285.84692	69.64448	374.5068	-123.434135	285.84644	69.63997	374.63068	-53.12144	285.9365	68.99961	376.1074	-28.123016	0.14656438	2.2165892	28.662474	-10.661707	-286.73547	3.810689	4.1808767	3.53404	10541.695010185242
135	3220.645	492.61743	3517.0361	2237.7554	3489.85	4.69831	3498.6792	3479.9048	909.8	1000.0	675000	286.3497	69.82602	376.0068	-109.009445	286.3495	69.82255	376.65643	-76.383606	286.46066	69.186104	375.71008	-27.056244	0.16276811	2.2339325	35.306355	-12.460074	-287.2255	3.0285835	3.233197	3.8909602	10618.638508796692
136	2812.4395	805.01624	3507.7744	1630.1224	3434.4187	13.5408325	3466.6536	3418.2595	802.0	1000.0	680000	287.41052	69.570145	376.91898	-65.040985	287.40997	69.573616	375.97208	-94.86136	287.50668	68.95127	375.6007	-27.893263	0.13518552	2.2253673	30.276112	-13.882594	-288.28732	3.3937008	3.478485	3.6981583	10709.56167268753
137	2726.6433	951.66626	3482.935	1375.756	3304.0269	311.86484	3534.5916	2570.6194	779.6667	949.0	685000	287.40347	69.53098	375.6331	-79.448456	287.40378	69.53271	375.49298	-166.4896	287.46332	68.865204	374.97812	-32.26287	0.15194432	2.2189786	34.371235	-10.797667	-288.27475	4.1476274	3.7795691	3.663782	10789.307563066483
138	3238.327	290.39908	3480.5166	2779.506	3453.5938	5.022339	3461.901	3445.9546	918.6	1000.0	690000	287.42694	69.56157	377.1697	-69.405716	287.4263	69.56402	376.59256	-182.06252	287.5265	68.94809	376.1171	-28.004847	0.1505503	2.2540274	25.098621	-11.018472	-288.30426	3.51691	3.8341856	3.44638	10867.322703123093
139	2818.9294	994.9222	3491.9448	1203.0334	3479.7388	4.5855	3488.033	3474.884	814.1429	1000.0	695000	287.75668	69.50525	377.84897	-152.51436	287.75687	69.50151	377.7694	-72.551125	287.85565	68.8202	376.38965	-113.62958	0.17291687	2.2339475	28.108221	-11.553023	-288.65427	3.721452	3.762494	3.6406338	10956.8411257267
140	2676.6633	1016.62335	3621.8699	1038.8473	3429.3035	2.8233495	3433.5217	3425.3342	756.8333	1000.0	700000	287.8146	69.34904	375.7507	-44.669666	287.81473	69.35429	374.93652	-196.2654	287.89093	68.72756	374.00455	-80.32441	0.15262955	2.251308	30.131418	-11.44051	-288.69717	4.143163	3.8939717	3.8739066	11035.45319890976
141	2326.7607	816.3817	3571.0764	1380.9047	3487.2622	6.244952	3497.2336	3475.6365	652.75	1000.0	705000	287.9483	69.48917	376.60434	-80.76452	287.94824	69.48716	375.8277	-120.46817	288.03363	68.865524	375.51108	-23.91694	0.11785191	2.206945	35.965576	-12.318666	-288.83432	3.604575	3.7859094	3.9165268	11121.044726610184
142	2336.9077	959.0796	3616.2878	1258.0808	3005.6401	626.29944	3664.6736	1961.1434	651.375	834.1	710000	288.77756	69.2838	375.8123	-58.667286	288.77692	69.29016	375.12808	-148.4806	288.89496	68.68148	376.30917	-34.33677	0.096730515	2.224793	35.340504	-13.48205	-289.6519	3.4988985	3.1255286	3.5928578	11205.593844652176
143	2812.1648	758.2549	3612.9995	1574.3031	1266.1458	738.36847	3481.2397	1016.91296	793.0	388.3	715000	289.18832	69.09223	375.84973	-74.218376	289.18893	69.09176	376.17957	-64.30417	289.27048	68.453766	374.911	-33.272842	0.09012809	2.2312126	31.922697	-10.660624	-290.0497	3.7967942	3.7227142	3.489416	11276.406359434128
144	2321.2412	885.74304	3492.4155	1226.2576	3364.2637	5.481047	3373.8657	3355.58	652.125	1000.0	720000	289.3721	69.04805	377.84396	-109.30412	289.37097	69.0525	376.57196	-108.550354	289.45255	68.43582	376.4955	-46.42812	0.1012664	2.2537267	33.703465	-11.571781	-290.22052	3.391312	3.4703085	3.474683	11362.610132694244
145	2722.5623	421.87985	3380.8306	2074.0564	3378.1277	268.77026	3492.3755	2572.3477	768.3333	968.6	725000	289.68216	68.683784	377.2956	-143.46657	289.68256	68.686165	377.49722	-142.82796	289.76038	68.054855	377.5764	-42.9753	0.09942209	2.2445576	33.57024	-12.276805	-290.54398	3.3233135	2.9906363	3.529315	11441.598289251328
146	2804.4717	557.416	3448.7483	1944.9761	3465.4434	9.077658	3479.8997	3453.0574	797.6667	1000.0	730000	289.85254	69.006615	376.87527	-95.951775	289.85236	69.00843	378.24707	-180.07307	289.93332	68.4219	379.0718	-11.475391	0.09495672	2.204403	30.019585	-13.644468	-290.69818	3.6625493	3.6190705	3.3515103	11525.895204782486
147	1885.9618	739.6393	3507.0671	950.79895	3441.7944	2.1983144	3445.7798	3438.2334	529.55554	1000.0	735000	289.88425	69.05199	377.86176	-85.30415	289.88464	69.05137	378.2092	-53.796715	289.95834	68.43755	376.94873	-42.793865	0.11404155	2.251038	35.770866	-10.717154	-290.7502	3.7039676	3.6198688	3.7177901	11609.835303068161
148	2402.9595	963.25085	3545.2178	282.23392	3361.1868	2.328438	3364.579	3358.2747	680.375	1000.0	740000	290.28915	68.89434	377.49835	-56.5424	290.2886	68.89365	378.14328	-112.80171	290.3787	68.2939	377.06256	-37.61794	0.12204956	2.2497444	35.656784	-11.887245	-291.14035	3.4439967	3.6594303	3.470657	11698.594186544418
149	2934.2659	715.1467	3450.6038	1634.0612	3457.1335	1.727106	3460.5442	3454.2966	848.1667	1000.0	745000	290.42117	69.088554	378.83414	-87.56218	290.42178	69.090225	378.48267	-151.43329	290.49866	68.478355	377.08197	-20.76472	0.11016586	2.2191365	33.16048	-11.731605	-291.27347	3.9736893	3.5752528	3.5657976	11785.349004030228
150	3064.1929	792.2501	3491.9712	1480.8118	3476.481	7.9208064	3487.0522	3460.3838	884.8	1000.0	750000	290.67578	68.70514	378.76343	-62.120693	290.67538	68.70572	378.74258	-83.160736	290.7516	68.11661	377.57605	-25.08102	0.13532175	2.2322843	33.44605	-12.421967	-291.5135	3.2869513	3.403515	3.3966134	11866.692668676376
151	3184.1777	588.4905	3646.928	1915.9419	3492.4175	4.70696	3498.6873	3483.006	897.8333	1000.0	755000	290.975	68.77266	379.48074	-74.14167	290.97476	68.77401	379.45718	-141.75853	291.05823	68.16533	378.97098	-52.983185	0.1129979	2.2429159	30.007202	-13.467932	-291.80472	3.4982417	3.5436742	3.698589	11956.264631271362
152	2872.3933	826.07367	3512.159	1644.8259	3479.8198	6.975755	3490.7637	3470.446	824.0	1000.0	760000	291.62564	68.5922	380.13406	-118.86194	291.6259	68.59718	378.83096	-211.19156	291.70096	68.02017	378.96237	-18.361248	0.103831485	2.2265956	48.546787	-12.563458	-292.4508	3.3611376	3.0173807	3.3981843	12042.186915636063
153	2997.4607	690.7148	3551.1443	1834.5195	3546.5493	5.6567802	3557.333	3538.0933	849.1667	1000.0	765000	291.68298	68.84976	380.264	-88.00193	291.6835	68.84914	379.3534	-61.081573	291.77686	68.20975	379.43597	-30.653315	0.13752486	2.2075016	35.320988	-10.924465	-292.52185	3.7676172	3.455657	3.405501	12127.96490240097
154	2549.4417	748.2733	3508.5935	1376.8322	3499.3523	6.1838274	3510.2024	3493.2036	718.1429	1000.0	770000	292.30377	68.5715	381.5263	-69.22407	292.30353	68.57476	380.25766	-97.88646	292.38678	67.99934	378.3177	-72.71962	0.06859805	2.1536264	30.678818	-10.999609	-293.11383	3.163548	2.74396	3.0943515	12215.05357503891
155	2765.7207	623.18384	3475.5337	2000.4824	3411.2231	3.8224173	3416.6592	3403.0317	776.7143	1000.0	775000	292.9046	68.38044	380.3172	-79.71487	292.90488	68.379875	379.35745	-95.71045	292.98117	67.78556	378.44186	-44.33832	0.04754636	2.1961844	36.43794	-13.317036	-293.71036	3.7505896	3.7662554	3.712106	12306.911680936813
156	2530.75	936.0077	3542.854	1367.2233	3427.2222	8.107136	3437.8682	3412.4932	714.1429	1000.0	780000	293.12332	68.65415	379.48782	-101.29904	293.1229	68.65662	378.58087	-91.64731	293.21277	68.07471	378.21375	-31.272497	0.08107191	2.1773806	34.91578	-10.477257	-293.94592	3.1989238	3.3113976	3.0806103	12391.47388792038
157	2793.9492	953.85486	3501.1052	1239.1248	2837.4814	857.31384	3556.851	1721.3514	801.1667	798.2	785000	293.2457	68.60253	380.46753	-77.47005	293.24646	68.59888	378.58838	-169.88873	293.32065	67.98745	379.03177	-28.391233	0.13570449	2.2080705	34.847664	-12.20137	-294.0871	3.471455	3.555739	3.3392842	12471.098571538925
158	2935.8008	657.2328	3460.1409	1518.054	3441.0962	9.8899	3455.3923	3422.4004	822.8333	1000.0	790000	293.13202	68.678734	379.7403	-94.01689	293.13235	68.67983	379.25153	-88.07762	293.21942	68.05556	377.8263	-22.642263	0.07315391	2.2261176	35.7544	-13.617421	-293.9579	3.462131	3.177558	3.558635	12555.1207177639
159	2568.848	760.5677	3441.6575	1398.9731	3405.4797	6.656177	3421.6064	3398.4558	727.0	1000.0	795000	293.42322	68.374985	378.97278	-83.77869	293.4235	68.374855	378.15363	-58.067528	293.5053	67.75882	378.1166	-40.248074	0.02976543	2.217062	34.238625	-11.17999	-294.23816	3.6040256	3.428807	3.6119902	12641.236214876175
160	2873.1233	618.8579	3475.903	2007.7399	3494.1648	3.9188404	3500.0728	3487.5652	818.0	1000.0	800000	293.6686	68.543594	378.63293	-55.409748	293.6698	68.541214	377.8648	-228.77753	293.75247	67.9394	375.87054	-26.887352	0.048335034	2.1729052	38.180687	-12.98823	-294.47577	3.8540092	3.9044688	3.6741486	12724.965412855148
161	2846.7566	726.1166	3465.7795	1706.7657	3468.0364	4.9957504	3479.1365	3461.767	802.6667	1000.0	805000	294.04205	68.47115	379.2873	-71.01968	294.04193	68.46867	379.47897	-91.46002	294.1271	67.89217	379.21295	-31.424486	0.061068993	2.1789522	37.357456	-14.35916	-294.835	3.521747	3.720245	3.895494	12807.261145591736
162	2577.946	869.44604	3613.41	1432.7865	3471.8599	4.638167	3482.799	3466.1064	722.5714	1000.0	810000	294.0384	68.33815	379.7602	-95.1215	294.03882	68.33685	380.27072	-57.673916	294.08643	67.77393	378.596	-25.41414	0.07591277	2.2174046	36.08144	-12.480055	-294.8489	3.8719704	3.6733646	3.7828891	12894.001282930374
163	3014.2869	691.91345	3624.2742	2026.1637	3442.0962	3.8182986	3447.6226	3436.8635	852.5	1000.0	815000	293.991	68.21788	380.62253	-49.90584	293.99005	68.227844	379.6864	-192.80692	294.06503	67.66791	380.29706	-15.277268	0.07077371	2.1742468	27.410461	-10.75152	-294.79266	3.440498	3.2487261	3.3929937	12981.823263168335
164	3169.7776	381.82053	3407.9946	2417.6682	3493.8547	4.208238	3500.7544	3486.4788	911.8	1000.0	820000	294.74976	68.156364	381.3902	-78.97606	294.75	68.15806	379.70605	-123.51418	294.83264	67.59341	379.66995	-33.506374	0.040908452	2.1903138	32.50567	-11.183131	-295.54593	2.9981284	2.848545	3.5322669	13063.692583084106
165	3077.043	538.96246	3507.4626	2187.8816	3473.3079	4.4222884	3482.667	3465.81	884.6667	1000.0	825000	294.8286	68.137184	382.7827	-114.439964	294.82837	68.13623	380.19785	-148.8231	294.90698	67.54309	381.03772	-44.422848	0.07589793	2.1743445	40.26183	-11.669231	-295.62955	3.3680131	3.64141	3.5436678	13155.872390031815
166	2993.4485	650.5845	3465.5444	1886.0885	3497.524	4.2764072	3505.3298	3490.2458	856.8333	1000.0	830000	295.6388	67.7942	381.87833	-85.04069	295.63846	67.796036	380.26086	-132.33618	295.7108	67.21969	379.87946	-24.920639	0.07564222	2.1817849	32.37392	-14.919363	-296.43137	2.9523752	3.001538	3.2083328	13243.811163902283
167	2437.4727	744.4959	3505.4082	1561.886	3434.3137	3.9443753	3439.028	3424.7393	683.0	1000.0	835000	295.6096	67.63231	382.0081	-118.29467	295.61	67.626816	384.23557	-58.000282	295.6464	67.07091	380.89185	-30.410364	0.03547569	2.173361	28.896496	-10.914241	-296.3818	3.193162	3.128415	3.613302	13327.7589468956
168	2658.223	876.46075	3452.274	1366.9751	3458.1165	8.063304	3468.9304	3439.6865	765.1667	1000.0	840000	295.23993	67.76781	381.63928	-91.70279	295.23907	67.771324	379.20187	-80.41346	295.29337	67.19511	380.55847	-47.2466	0.10293932	2.240417	32.323605	-11.266229	-296.04034	3.3315432	3.3191009	3.4802783	13409.167802810669
169	2702.4136	833.0504	3447.8738	1636.507	3481.8171	3.2244105	3487.669	3476.7976	776.2857	1000.0	845000	295.3972	67.664185	382.43137	-126.362465	295.39743	67.66531	381.8958	-204.3478	295.45053	67.092674	379.5753	-24.984966	-0.006483152	2.1605031	39.431705	-10.203062	-296.18115	3.228005	3.0196757	3.329204	13500.855404138565
170	2558.1538	860.6527	3602.5095	1591.5603	3100.7712	577.8692	3483.6594	2013.9271	715.7143	879.1	850000	295.24786	67.39826	379.82086	-104.733444	295.24768	67.39871	380.5908	-57.154137	295.31116	66.82798	380.8183	-25.668358	-0.012405195	2.1609433	50.42801	-11.196015	-296.02698	3.4602916	3.4591484	3.546595	13584.633014202118
171	2406.337	905.2185	3614.2786	1271.0928	61.31672	1.2976514	63.499115	59.921986	680.25	37.7	855000	295.76175	67.275406	382.03506	-82.093376	295.7623	67.27443	379.99738	-76.72715	295.82767	66.70048	379.328	-22.154175	-0.036940295	2.141506	30.304457	-13.653711	-296.54095	3.1662526	3.1291869	3.1962364	13660.65048456192
172	2525.2961	713.9228	3449.8513	1660.1536	2690.608	663.01544	3463.4062	1881.7917	711.2857	752.8	860000	296.22137	67.274445	381.8634	-70.45598	296.22156	67.27279	380.6758	-155.22847	296.28842	66.73761	380.46637	-32.91165	0.054226384	2.1938179	30.933853	-11.898371	-296.9955	3.289982	3.2160614	3.38721	13744.232515096664
173	1976.9839	637.4637	3313.0398	1348.1653	3514.6626	10.774467	3534.6685	3496.983	544.6667	1000.0	865000	296.59616	67.667725	383.2866	-84.25461	296.59668	67.66745	382.1005	-81.014305	296.67325	67.109924	381.15836	-24.691177	-0.0006490851	2.181026	34.41785	-11.841326	-297.3628	3.2619183	3.2131894	3.135968	13832.888591527939
174	1992.8945	825.4825	3473.686	1063.1267	3485.8403	3.9676962	3492.068	3481.2393	558.8889	1000.0	870000	296.70026	67.88745	380.02386	-78.674866	296.69983	67.892975	379.13538	-71.3249	296.7643	67.34266	379.0842	-41.009773	0.020489022	2.1642864	33.773205	-11.2028885	-297.46597	3.4768965	3.1470966	3.3116841	13922.894635438919
175	2580.7485	778.3882	3478.2517	1643.2252	3455.3953	7.572977	3470.6157	3441.6514	727.5	1000.0	875000	297.15228	67.43474	381.44775	-109.89825	297.1528	67.436485	381.1879	-167.32443	297.20413	66.89147	380.02536	-41.438095	0.088031426	2.2034101	28.911055	-11.744931	-297.92163	3.5543382	3.2950652	3.4622536	14003.663071155548
176	3426.7446	60.027943	3507.9512	3343.138	3469.1726	2.8133192	3474.5686	3465.2622	987.0	1000.0	880000	297.27237	67.30062	383.25357	-67.17413	297.2722	67.30233	384.3112	-71.73573	297.32474	66.72146	385.07736	-19.950294	-0.003408794	2.1983016	35.94053	-12.4730215	-298.03333	3.2232306	3.0590756	3.38262	14090.88189983368
177	3164.4473	602.2762	3487.934	1821.1665	3483.1726	7.3438315	3496.454	3470.0293	917.0	1000.0	885000	296.81458	67.34218	383.0841	-142.70589	296.8153	67.341705	380.40622	-223.38474	296.86377	66.77842	380.53046	-23.890572	-0.015948508	2.1901882	40.870396	-12.182304	-297.57416	3.2710547	3.3537443	2.9777446	14185.634702920914
178	2624.0413	834.2802	3460.96	1262.7446	3463.071	1.7050087	3466.1719	3459.946	742.0	1000.0	890000	296.40454	67.48473	382.8123	-84.84274	296.404	67.48232	380.41107	-159.78883	296.43906	66.96025	381.1726	-57.826096	-0.012317083	2.165084	37.11317	-13.919611	-297.14157	3.3708467	3.480374	3.0849574	14272.839339971542
179	2377.482	757.3704	3487.93	1380.4897	3453.7886	10.227182	3475.2449	3443.9966	672.8571	1000.0	895000	296.5311	67.10573	381.36996	-48.321064	296.53076	67.10786	379.47598	-53.61422	296.57535	66.5712	379.54572	-20.645035	-0.026475025	2.1407793	31.757915	-12.919901	-297.2592	2.9974225	3.0830865	2.7421157	14357.456186294556
180	2350.4304	832.0146	3494.5334	1486.1805	3438.92	3.2441766	3443.5625	3432.0017	666.0	1000.0	900000	296.25983	67.07848	382.14752	-119.53079	296.25964	67.08059	380.0729	-118.22592	296.28104	66.54165	379.64	-15.703005	-0.055893455	2.1006117	32.164577	-11.66607	-296.98605	3.5425098	3.5883236	3.1425502	14448.203548431396
181	2963.1204	617.8446	3499.0288	1929.8796	3406.9468	6.5394297	3419.3872	3396.73	843.0	1000.0	905000	296.3733	66.95715	382.93948	-68.578766	296.37314	66.958664	382.1028	-78.28491	296.42126	66.42995	381.86227	-23.534134	-0.003537849	2.1293335	32.152443	-11.884317	-297.09604	3.2616944	3.273569	2.8570786	14527.858062505722
182	2447.6304	995.28973	3476.0786	1129.5105	3477.1907	11.647191	3498.6794	3461.646	704.0	1000.0	910000	296.38864	67.14017	381.67935	-60.611736	296.38815	67.14147	381.44827	-102.17713	296.42877	66.609024	381.2858	-19.662647	-0.040939678	2.1206136	29.762333	-13.958866	-297.10327	3.1513033	3.1704285	3.0033438	14621.204357624054
183	2864.6077	868.3173	3549.848	1632.1194	3467.4868	2.7718115	3471.2979	3462.8757	815.8333	1000.0	915000	296.65784	67.04467	383.1023	-181.57803	296.65808	67.0419	381.35034	-129.85075	296.70328	66.518524	379.7376	-49.199112	-0.022818789	2.1575458	35.660892	-13.718282	-297.39377	3.23607	3.2538776	3.0562768	14707.893066644669
184	2105.2776	829.374	3538.4119	1381.061	3451.5425	6.120402	3463.0715	3442.5867	595.8889	1000.0	920000	297.0215	66.88024	380.20944	-65.7822	297.02094	66.884155	380.3533	-106.81582	297.0822	66.31675	380.13412	-30.962606	-0.020589937	2.1517076	34.8119	-12.198244	-297.7734	3.1299992	3.0927653	2.848314	14799.360965967178
185	2456.282	1071.1755	3470.2822	674.1173	3423.2866	2.3355782	3425.7698	3416.9973	707.3333	1000.0	925000	297.28427	66.68176	379.86755	-94.33987	297.28412	66.68449	381.16333	-63.427803	297.33087	66.13213	379.2923	-22.48275	-0.02177615	2.1546967	37.956657	-12.137541	-298.01813	3.6202602	3.538449	3.1034982	14877.765926361084
186	2981.798	618.0425	3469.2744	2043.4822	3459.202	2.2549896	3462.7378	3455.9866	855.3333	1000.0	930000	297.59937	66.23159	380.0855	-65.88712	297.59952	66.23553	380.47867	-69.88323	297.63617	65.703476	379.9671	-66.43375	0.006099937	2.1806896	43.05741	-11.194378	-298.3258	3.1535354	3.1139905	3.0081604	14966.438125133514
187	3175.4055	589.55743	3486.1968	1860.0809	3435.3079	3.3447497	3439.7283	3427.3909	913.1667	1000.0	935000	297.74197	66.31563	381.59024	-48.512962	297.74185	66.317924	380.19702	-69.09474	297.7779	65.777145	383.70627	-50.30716	-0.025423385	2.1763334	36.668972	-10.700685	-298.47275	2.9083524	2.8138921	3.0445974	15057.701216459274
188	2942.5547	676.06104	3458.0718	1655.4559	3444.0366	1.7533798	3445.6353	3440.47	854.5	1000.0	940000	297.55643	66.61878	381.49295	-165.2311	297.5571	66.6185	382.04553	-64.26577	297.56573	66.10234	378.9699	-55.883728	-0.00069733587	2.1575286	32.346737	-10.433065	-298.2902	3.2477283	3.083389	3.0106697	15146.763728618622
189	2465.5068	771.62103	3545.6252	1584.976	1918.6084	125.80108	2218.6716	1777.8909	695.3333	516.4	945000	297.58484	66.50445	380.34476	-179.21927	297.58536	66.49827	381.89713	-119.54442	297.6018	65.99202	380.4018	-54.021088	-0.10009991	2.1293826	32.73049	-10.949892	-298.30255	3.2491488	3.3769877	3.0188336	15218.061090946198
190	2496.2698	829.86646	3436.6167	1598.8116	3436.5464	4.5990796	3442.8271	3424.4526	711.0	1000.0	950000	298.00186	66.228645	381.71292	-84.531586	298.00183	66.23158	382.7346	-191.12698	298.04892	65.69527	379.19016	-41.42184	-0.01106331	2.1636305	27.306322	-10.749983	-298.74042	3.1294734	3.1047676	2.81283	15313.591344594955
191	3007.314	773.13184	3460.4253	1464.3125	3526.7534	11.091198	3548.98	3511.6084	864.0	1000.0	955000	298.27014	66.10249	379.71823	-110.98009	298.26968	66.102295	379.9604	-62.28842	298.30264	65.5784	378.91318	-22.478458	0.02551091	2.198682	33.72698	-11.862053	-299.00064	2.9335063	2.8957043	2.9734282	15394.190228700638
192	2901.8098	545.1582	3492.351	1861.9037	3474.573	3.9834087	3482.6804	3469.7607	833.0	1000.0	960000	298.16367	66.10312	380.5797	-59.000828	298.16394	66.10367	383.06958	-98.02811	298.1659	65.602066	379.13156	-57.595913	-0.038663886	2.1852329	34.27028	-11.189861	-298.86935	3.0526426	2.8780675	3.101249	15491.335632324219
193	3125.2102	602.7305	3560.49	1928.7166	3449.8755	2.5996325	3454.089	3445.869	903.0	1000.0	965000	297.84348	65.929115	381.5722	-202.49757	297.84396	65.92524	381.3247	-114.46529	297.87283	65.36572	381.60812	-35.18499	-0.03171301	2.172429	31.050703	-12.252432	-298.5659	2.7696645	3.0381174	2.846602	15573.396728992462
194	3115.0586	704.5642	3490.0579	1541.6193	3417.7183	2.6033432	3421.4854	3412.0132	903.3333	1000.0	970000	297.68228	65.48732	379.12656	-121.6206	297.68265	65.49102	381.6206	-78.19057	297.69727	64.95163	378.23538	-36.86562	-0.030694855	2.1899204	30.288591	-13.416648	-298.3893	2.9962494	2.562093	2.801302	15668.78667640686
195	2125.9336	854.44116	3436.1167	1124.5157	3464.065	5.586599	3470.486	3453.583	605.0	1000.0	975000	298.1589	65.41578	381.0761	-89.994804	298.1589	65.41935	379.9795	-69.14822	298.1771	64.92526	378.84644	-25.60393	-0.047767453	2.1559136	43.742058	-11.923605	-298.8574	2.815688	2.6103382	2.8528037	15755.847792863846
196	3410.5874	42.21568	3465.6343	3359.6455	3342.352	3.259232	3347.5596	3336.8792	1000.0	1000.0	980000	298.16342	65.35845	380.19388	-61.454174	298.16357	65.36234	379.65353	-123.120964	298.15805	64.8716	380.27716	-7.2211175	-0.022370817	2.1448066	26.312595	-10.76778	-298.86145	3.2595377	2.9200387	2.9393263	15845.064936876297
197	3275.812	294.50708	3470.1226	2691.8567	3470.6453	3.6979122	3477.2607	3464.4065	946.2	1000.0	985000	298.45624	65.24311	379.8186	-72.05598	298.4559	65.24564	381.6438	-204.23248	298.50247	64.70655	378.96085	-18.093166	-0.060228612	2.1483998	42.453754	-11.050531	-299.16275	2.943885	2.9040005	2.8696244	15930.76746916771
198	3439.222	81.996704	3598.237	3377.301	3447.5066	2.5825546	3453.1013	3443.7603	1000.0	1000.0	990000	298.82132	65.08939	382.185	-36.92773	298.82053	65.092865	381.06915	-78.83004	298.83224	64.59325	379.86908	-26.77561	-0.012142257	2.1829848	33.31425	-10.065584	-299.53256	3.3582258	3.3475578	2.8537045	16020.089383363724
199	2747.7002	706.9797	3425.4226	1618.0465	3432.177	3.5053005	3436.5063	3424.7466	788.5	1000.0	995000	298.61307	65.31462	381.48236	-96.44042	298.61386	65.31382	380.20068	-107.30948	298.60477	64.85198	380.54376	-30.889545	-0.09374716	2.1550782	37.823963	-11.342797	-299.29434	3.0927033	3.1603582	2.965132	16107.493823766708
